 Mach Number             Cd Rocket - (Unpowered) Cd - Rocket (Powered)   Body Skin Friction      Nose Pressure Drag      Base Drag               Body Pressure Drag      Fin Pressure Drag       Interference Drag       Fin Skin Friction      
 0.00000000000000E+0000  4.29405347041798E-0001  4.20663978783288E-0001  2.20142766260564E-0001  0.00000000000000E+0000  6.18081560386115E-0002  1.22216117447577E-0002  2.17096590909738E-0011  3.46724856860389E-0002  1.00560327290116E-0001 
 3.00000000000000E-0002  4.06117173248301E-0001  3.97209898305539E-0001  2.12018392172623E-0001  0.00000000000000E+0000  6.29812431257592E-0002  1.17705728691288E-0002  4.85251050819893E-0009  3.33928967671881E-0002  8.59540634610915E-0002 
 6.00000000000000E-0002  3.82642123160438E-0001  3.73494387432838E-0001  2.01018502500513E-0001  0.00000000000000E+0000  6.46814846978887E-0002  1.11598947029038E-0002  3.86664713757729E-0008  3.16604141438307E-0002  7.41217884488304E-0002 
 9.00000000000000E-0002  3.69274897654347E-0001  3.59960281173057E-0001  1.93880127421595E-0001  0.00000000000000E+0000  6.58614592006102E-0002  1.07635952914586E-0002  1.30432712762428E-0007  3.05361200689012E-0002  6.82334652390690E-0002 
 1.20000000000000E-0001  3.60012790534850E-0001  3.50569271844430E-0001  1.88623397897119E-0001  0.00000000000000E+0000  6.67728963601039E-0002  1.04717587329077E-0002  3.09074558838493E-0007  2.97081851687963E-0002  6.44362433013644E-0002 
 1.50000000000000E-0001  3.52951356183096E-0001  3.43401784816694E-0001  1.84457150379898E-0001  0.00000000000000E+0000  6.75227698526229E-0002  1.02404621954246E-0002  6.03416805943489E-0007  2.90520011848340E-0002  6.16783691535104E-0002 
 1.80000000000000E-0001  3.47246892448410E-0001  3.37606405886405E-0001  1.80994486366917E-0001  0.00000000000000E+0000  6.81656097868198E-0002  1.00482263300902E-0002  1.04211217827940E-0006  2.85066316027894E-0002  5.95308962496153E-0002 
 2.10000000000000E-0001  3.42454066384614E-0001  3.32733340188899E-0001  1.78018784472779E-0001  0.00000000000000E+0000  6.87329653373626E-0002  9.88302502079423E-0003  1.65354738337672E-0006  2.80379585544627E-0002  5.77796794518314E-0002 
 2.40000000000000E-0001  3.38310429262281E-0001  3.28517324656245E-0001  1.75397122938124E-0001  0.00000000000000E+0000  6.92447360289430E-0002  9.73747888295387E-0003  2.46572943232822E-0006  2.76250468627546E-0002  5.63035788200732E-0002 
 2.70000000000000E-0001  3.34895100104803E-0001  3.25035589497883E-0001  1.73042402092388E-0001  0.00000000000000E+0000  6.97142772201088E-0002  9.60675242560656E-0003  3.50615319841051E-0006  2.72541783295511E-0002  5.52739838839503E-0002 
 3.00000000000000E-0001  3.31960211690428E-0001  3.22038939340510E-0001  1.70894666492305E-0001  0.00000000000000E+0000  7.01509799576596E-0002  9.48751711717250E-0003  4.80165154612229E-0006  2.69159099725380E-0002  5.45063364992072E-0002 
 3.30000000000000E-0001  3.29303503419750E-0001  3.19324145231085E-0001  1.68911037755786E-0001  0.00000000000000E+0000  7.05616912420632E-0002  9.37739248907193E-0003  6.37822976195323E-0006  2.66034884465363E-0002  5.38435152565298E-0002 
 3.60000000000000E-0001  3.26869498897382E-0001  3.16835004055712E-0001  1.67059902679146E-0001  0.00000000000000E+0000  7.09515495287296E-0002  9.27462347886050E-0003  8.26088644675601E-0006  2.63119346719654E-0002  5.32632276522343E-0002 
 3.90000000000000E-0001  3.24616793773190E-0001  3.14529553097431E-0001  1.65317369478931E-0001  0.00000000000000E+0000  7.13245028979701E-0002  9.17788369227963E-0003  1.04734234730834E-0005  2.60374856929317E-0002  5.27490785876042E-0002 
 4.20000000000000E-0001  3.22513783978452E-0001  3.12375750821453E-0001  1.63665008564627E-0001  0.00000000000000E+0000  7.16836445692926E-0002  9.08614997829085E-0003  1.30382480523309E-0005  2.57772388489287E-0002  5.22887037692605E-0002 
 4.50000000000000E-0001  3.20535888705412E-0001  3.10348668010083E-0001  1.62088357903718E-0001  0.00000000000000E+0000  7.20314380673346E-0002  8.99861945179637E-0003  1.59761703768094E-0005  2.55289163698356E-0002  5.18725807423508E-0002 
 4.80000000000000E-0001  3.18663683432436E-0001  3.08428598760768E-0001  1.60575902818364E-0001  0.00000000000000E+0000  7.23698729702856E-0002  8.91465285526192E-0003  1.93062006801425E-0005  2.52907046938924E-0002  5.14932438939520E-0002 
 5.10000000000000E-0001  3.16881608349317E-0001  3.06599753276066E-0001  1.59118360741444E-0001  0.00000000000000E+0000  7.27005754637071E-0002  8.83373485069442E-0003  2.30453498739952E-0005  2.50611418167774E-0002  5.11447501268206E-0002 
 5.40000000000000E-0001  3.15177052542923E-0001  3.04849330700014E-0001  1.57708168034069E-0001  0.00000000000000E+0000  7.30248885886289E-0002  8.75544552941635E-0003  2.72084381486794E-0005  2.48390364653659E-0002  5.08223054872937E-0002 
 5.70000000000000E-0001  3.13539690530370E-0001  3.03166847250753E-0001  1.56339104261999E-0001  0.00000000000000E+0000  7.33439316398146E-0002  8.67943955311162E-0003  3.18079160496767E-0005  2.46234089212648E-0002  5.05219982381306E-0002 
 6.00000000000000E-0001  3.11960992456148E-0001  3.01543640091945E-0001  1.55006012170403E-0001  0.00000000000000E+0000  7.36586448933759E-0002  8.60543060773382E-0003  3.68537025443168E-0005  2.44134469168384E-0002  5.02406041652526E-0002 
 6.30000000000000E-0001  3.11096046606562E-0001  3.00634685010748E-0001  1.53704585659994E-0001  0.00000000000000E+0000  7.39698238042881E-0002  8.53317963262923E-0003  1.49123362387044E-0003  2.42084722414491E-0002  4.91887516443313E-0002 
 6.60000000000000E-0001  3.09175887604694E-0001  2.98670920864330E-0001  1.52431206971844E-0001  0.00000000000000E+0000  7.42781455107606E-0002  8.46248578156625E-0003  1.71457246808903E-0003  2.40079150980655E-0002  4.82815617743679E-0002 
 6.90000000000000E-0001  3.07571874822762E-0001  2.97023625051391E-0001  1.51182820067905E-0001  0.00000000000000E+0000  7.45841896282546E-0002  8.39317939323312E-0003  1.95916634290375E-0003  2.38112941606951E-0002  4.76412252297704E-0002 
 7.20000000000000E-0001  3.06013442641247E-0001  2.95422161438514E-0001  1.49956831030234E-0001  0.00000000000000E+0000  7.48884547439150E-0002  8.32511646172614E-0003  2.22598138606900E-0003  2.36182008872618E-0002  4.69988581320416E-0002 
 7.50000000000000E-0001  3.04499711718326E-0001  2.93865589760651E-0001  1.48751028899343E-0001  0.00000000000000E+0000  7.51913716315127E-0002  8.25817424175190E-0003  2.51598373533913E-0003  2.34282870516465E-0002  4.63548661587334E-0002 
 7.80000000000000E-0001  3.03545925364440E-0001  2.92888527634980E-0001  1.48101993499926E-0001  0.00000000000000E+0000  7.53559491314921E-0002  8.22214190330618E-0003  2.83013952846851E-0003  2.33260639762383E-0002  4.57096373250089E-0002 
 8.10000000000000E-0001  3.02685285494090E-0001  2.92007262438442E-0001  1.47530407955289E-0001  0.00000000000000E+0000  7.55017859549393E-0002  8.18409482060981E-0003  3.16941490321152E-0003  2.32360392529580E-0002  4.50635426070828E-0002 
 8.40000000000000E-0001  3.02002305814941E-0001  2.91303025952245E-0001  1.46944777851969E-0001  2.52465281142530E-0004  7.56520878308064E-0002  8.05745979723634E-0003  3.53477599732253E-0003  2.31438025116851E-0002  4.44169365447792E-0002 
 8.70000000000000E-0001  3.04811589757524E-0001  2.93893285611127E-0001  1.46345790460042E-0001  2.69862817174987E-0003  7.72007569524983E-0002  7.81960540332444E-0003  3.92718894855590E-0003  2.30494619974566E-0002  4.37701578238977E-0002 
 9.00000000000000E-0001  3.16797122462987E-0001  3.04728940827155E-0001  1.45734111122625E-0001  7.83265120926495E-0003  8.53312698413810E-0002  7.47481805418261E-0003  4.34761989466601E-0003  2.29531225018134E-0002  4.31235298390542E-0002 
 9.30000000000000E-0001  3.38353871714361E-0001  3.24150203312435E-0001  1.45110383908104E-0001  1.56545343936878E-0002  1.00430793777877E-0001  7.02887795811408E-0003  4.79703497340723E-0003  2.28548854655264E-0002  4.24773612376441E-0002 
 9.60000000000000E-0001  3.69490994761134E-0001  3.52166230316455E-0001  1.44475232242986E-0001  2.61642777250185E-0002  1.22499328761987E-0001  6.48896018478803E-0003  5.27640032253392E-0003  2.27548490782703E-0002  4.18319464455499E-0002 
 9.90000000000000E-0001  4.10218888619922E-0001  3.88787418855832E-0001  1.43829259525958E-0001  3.93618812032569E-0002  1.51536874793711E-0001  5.86351646665856E-0003  5.78668207980046E-0003  2.26531083753383E-0002  4.11875661751991E-0002 
 1.02000000000000E+0000  4.60192661248033E-0001  4.33668876887874E-0001  1.42954099414298E-0001  5.52473448284031E-0002  1.87543431873049E-0001  5.15424541748447E-0003  6.32884638296122E-0003  2.25152706577519E-0002  4.04494226740861E-0002 
 1.05000000000000E+0000  5.19613756744118E-0001  4.87012048511230E-0001  1.41962787606337E-0001  7.38206686004570E-0002  2.30519000000000E-0001  4.37862296740074E-0003  6.90385936977057E-0003  2.23591390479980E-0002  3.96696791521549E-0002 
 1.08000000000000E+0000  5.26212534417317E-0001  4.95381356098959E-0001  1.40965998684301E-0001  9.50818525194187E-0002  2.18000000000000E-0001  3.55291813610648E-0003  7.51268717798287E-0003  2.22021447927774E-0002  3.88969331067307E-0002 
 1.11000000000000E+0000  5.33177153329830E-0001  5.03412077558042E-0001  1.39964317120679E-0001  1.11729511252843E-0001  2.10461840000000E-0001  2.68945570272839E-0003  8.15629594535250E-0003  2.20443799465070E-0002  3.81313533617186E-0002 
 1.14000000000000E+0000  5.29484782904246E-0001  5.00299276713874E-0001  1.38958305122940E-0001  1.14267040508585E-0001  2.06363840000000E-0001  1.80091752940485E-0003  8.83565180963383E-0003  2.18859330568631E-0002  3.73730948768185E-0002 
 1.17000000000000E+0000  5.26128272596929E-0001  4.97400968630241E-0001  1.37948503356512E-0001  1.16254705023525E-0001  2.03124000000000E-0001  9.00154644903343E-0004  9.55172090858123E-0003  2.17268892786506E-0002  3.66222993847569E-0002 
 1.20000000000000E+0000  5.22886849955383E-0001  4.94540315283749E-0001  1.36935431645160E-0001  1.17767852443280E-0001  2.00431670000000E-0001  1.32598536803173E-0018  1.03054693799490E-0002  2.15673304841127E-0002  3.58790960028812E-0002 
 1.23000000000000E+0000  5.21667262487932E-0001  4.93551113089145E-0001  1.35919589649466E-0001  1.18872567666919E-0001  1.98802670000000E-0001  0.00000000000000E+0000  1.10978633614917E-0002  2.14073353697909E-0002  3.55672364402640E-0002 
 1.26000000000000E+0000  5.20134745916485E-0001  4.92248981790545E-0001  1.34901457524067E-0001  1.19626997726161E-0001  1.97173670000000E-0001  0.00000000000000E+0000  1.19298689909635E-0002  2.12469795600405E-0002  3.52557721152533E-0002 
 1.29000000000000E+0000  5.18342232067992E-0001  4.90686853214898E-0001  1.33881496554322E-0001  1.20082461518010E-0001  1.95544670000000E-0001  0.00000000000000E+0000  1.28024524061189E-0002  2.10863357073056E-0002  3.49448158822350E-0002 
 1.32000000000000E+0000  5.16563061748046E-0001  4.89106058899043E-0001  1.32860149773038E-0001  1.20284383326435E-0001  1.94142000000000E-0001  0.00000000000000E+0000  1.37165797447122E-0002  2.09254735892535E-0002  3.46344753146068E-0002 
 1.35000000000000E+0000  5.14728454133088E-0001  4.87453468378102E-0001  1.31837842557868E-0001  1.20273081328467E-0001  1.92855000000000E-0001  0.00000000000000E+0000  1.46732171444978E-0002  2.07644602028643E-0002  3.43248528993894E-0002 
 1.38000000000000E+0000  5.12815156244727E-0001  4.85714409075467E-0001  1.30814983209973E-0001  1.20084436210927E-0001  1.91623000000000E-0001  0.00000000000000E+0000  1.56733307432300E-0002  2.06033598555707E-0002  3.40160462250262E-0002 
 1.41000000000000E+0000  5.10002692846942E-0001  4.83189184774767E-0001  1.29791963514533E-0001  1.19750460237600E-0001  1.89592000000000E-0001  0.00000000000000E+0000  1.67178866786633E-0002  2.04422342535390E-0002  3.37081481626057E-0002 
 1.44000000000000E+0000  5.07120183311537E-0001  4.80593914336447E-0001  1.28769159283674E-0001  1.19299783311397E-0001  1.87561000000000E-0001  0.00000000000000E+0000  1.78078510885520E-0002  2.02811425871786E-0002  3.34012470407350E-0002 
 1.47000000000000E+0000  5.04194758971905E-0001  4.77955729093900E-0001  1.27746930882328E-0001  1.18758069550674E-0001  1.85530000000000E-0001  0.00000000000000E+0000  1.89441901106504E-0002  2.01201416139666E-0002  3.30954268142857E-0002 
 1.50000000000000E+0000  5.00799487389965E-0001  4.74911541851517E-0001  1.26725623737591E-0001  1.18148375475349E-0001  1.83047565328419E-0001  0.00000000000000E+0000  2.01278698827130E-0002  1.99592857386705E-0002  3.27907672272229E-0002 
 1.53000000000000E+0000  4.97718605849552E-0001  4.72137814491285E-0001  1.25705568832053E-0001  1.17491458947637E-0001  1.80875750466595E-0001  0.00000000000000E+0000  2.13598565424941E-0002  1.97986270910484E-0002  3.24873439697235E-0002 
 1.56000000000000E+0000  4.94986954115517E-0001  4.69716415019478E-0001  1.24687083181625E-0001  1.17153280478934E-0001  1.78682029796323E-0001  0.00000000000000E+0000  2.26411162277481E-0002  1.96382156011060E-0002  3.21852288297804E-0002 
 1.59000000000000E+0000  4.91997738718425E-0001  4.67039629172920E-0001  1.23670470298320E-0001  1.16519150399128E-0001  1.76472914033276E-0001  0.00000000000000E+0000  2.39726150762293E-0002  1.94780990719855E-0002  3.18844898394858E-0002 
 1.62000000000000E+0000  4.89099727015495E-0001  4.64455405022056E-0001  1.22656020638472E-0001  1.15930676323343E-0001  1.74254196161253E-0001  0.00000000000000E+0000  2.53553192256922E-0002  1.93183232505594E-0002  3.15851914161754E-0002 
 1.65000000000000E+0000  4.86276718075212E-0001  4.61946813827306E-0001  1.21644012036829E-0001  1.15365162490416E-0001  1.72031022339661E-0001  0.00000000000000E+0000  2.67901948138910E-0002  1.91589318958006E-0002  3.12873944986139E-0002 
 1.68000000000000E+0000  4.82036997298814E-0001  4.58021495586651E-0001  1.20634710126971E-0001  1.14813012771646E-0001  1.69807956062916E-0001  0.00000000000000E+0000  2.67901948138910E-0002  1.89999668449980E-0002  3.09911566783914E-0002 
 1.71000000000000E+0000  4.77819327024025E-0001  4.54117641435724E-0001  1.19628368748470E-0001  1.14273726890630E-0001  1.67589036166450E-0001  0.00000000000000E+0000  2.67901948138910E-0002  1.88414680778841E-0002  3.06965323266993E-0002 
 1.74000000000000E+0000  4.73627127711478E-0001  4.50238167422282E-0001  1.18625230341196E-0001  1.13746826826089E-0001  1.65377829234919E-0001  0.00000000000000E+0000  2.67901948138910E-0002  1.86834737787385E-0002  3.04035727166425E-0002 
 1.77000000000000E+0000  4.69463400552775E-0001  4.46385630421119E-0001  1.17625526327190E-0001  1.13231855946108E-0001  1.63177476927807E-0001  0.00000000000000E+0000  2.67901948138910E-0002  1.85260203965324E-0002  3.01123261412458E-0002 
 1.80000000000000E+0000  4.65330769850941E-0001  4.42562264473020E-0001  1.16629477480459E-0001  1.12728378128621E-0001  1.60990738697495E-0001  0.00000000000000E+0000  2.67901948138910E-0002  1.83691427031724E-0002  2.98228380273014E-0002 
 1.83000000000000E+0000  4.61231521210979E-0001  4.38770013523773E-0001  1.15637294285102E-0001  1.12235976881051E-0001  1.58820030335828E-0001  0.00000000000000E+0000  2.67901948138910E-0002  1.82128738499036E-0002  2.95351510452024E-0002 
 1.86000000000000E+0000  4.57167635949558E-0001  4.35010560915895E-0001  1.14649177282096E-0001  1.11754254468903E-0001  1.56667458747835E-0001  0.00000000000000E+0000  2.67901948138910E-0002  1.80572454219302E-0002  2.92493052149022E-0002 
 1.89000000000000E+0000  4.53140822095126E-0001  4.31285355952981E-0001  1.13665317405125E-0001  1.11282831060647E-0001  1.54534853316024E-0001  0.00000000000000E+0000  2.67901948138910E-0002  1.79022874913072E-0002  2.89653380081319E-0002 
 1.92000000000000E+0000  4.49152542314816E-0001  4.27595637826285E-0001  1.12685896305765E-0001  1.10821343894299E-0001  1.52423794185694E-0001  0.00000000000000E+0000  2.67901948138910E-0002  1.77480286681581E-0002  2.86832844470076E-0002 
 1.95000000000000E+0000  4.45204039072381E-0001  4.23942457165382E-0001  1.11711086668382E-0001  1.10369446469557E-0001  1.50335637771128E-0001  0.00000000000000E+0000  2.67901948138910E-0002  1.75944961502702E-0002  2.84031771991517E-0002 
 1.98000000000000E+0000  4.41296357291942E-0001  4.20326695449271E-0001  1.10741052515039E-0001  1.09926807768147E-0001  1.48271539754297E-0001  0.00000000000000E+0000  2.67901948138910E-0002  1.74417157711187E-0002  2.81250466694487E-0002 
 2.01000000000000E+0000  4.37430364775485E-0001  4.16749082491090E-0001  1.09775949500742E-0001  1.09493111504093E-0001  1.46232475821839E-0001  0.00000000000000E+0000  2.67901948138910E-0002  1.72897120463669E-0002  2.78489210885526E-0002 
 2.04000000000000E+0000  4.33606770597606E-0001  4.13210212188551E-0001  1.08815925199315E-0001  1.09068055404875E-0001  1.44219260362373E-0001  0.00000000000000E+0000  2.67901948138910E-0002  1.71385082188922E-0002  2.75748265982587E-0002 
 2.07000000000000E+0000  4.29826141678861E-0001  4.09710556713080E-0001  1.07861119380200E-0001  1.08651350523862E-0001  1.42232563324678E-0001  0.00000000000000E+0000  2.67901948138910E-0002  1.69881263023816E-0002  2.73027873338476E-0002 
 2.10000000000000E+0000  4.26088917719004E-0001  4.06250479293368E-0001  1.06911664276461E-0001  1.08242720583974E-0001  1.40272925417627E-0001  0.00000000000000E+0000  2.67901948138910E-0002  1.68385871235426E-0002  2.70328255035075E-0002 
 2.13000000000000E+0000  4.22395424653285E-0001  4.02830245733431E-0001  1.05967684844271E-0001  1.07841901352197E-0001  1.38340771815017E-0001  0.00000000000000E+0000  2.67901948138910E-0002  1.66899103629727E-0002  2.67649614649348E-0002 
 2.16000000000000E+0000  4.18745886778606E-0001  3.99450034791180E-0001  1.05029299014147E-0001  1.07448640044292E-0001  1.36436424512335E-0001  0.00000000000000E+0000  2.67901948138910E-0002  1.65421145947283E-0002  2.64992137992120E-0002 
 2.19000000000000E+0000  4.15140437681615E-0001  3.96109947530840E-0001  1.04096617934187E-0001  1.07062694758891E-0001  1.34560113467952E-0001  0.00000000000000E+0000  2.67901948138910E-0002  1.63952173246346E-0002  2.62355993820570E-0002 
 2.22000000000000E+0000  4.11579130087509E-0001  3.92810015751124E-0001  1.03169746205557E-0001  1.06683833940023E-0001  1.32711986648127E-0001  0.00000000000000E+0000  2.67901948138910E-0002  1.62492350273753E-0002  2.59741334525338E-0002 
 2.25000000000000E+0000  4.08061944736420E-0001  3.89550209580798E-0001  1.02248782110478E-0001  1.06311835867015E-0001  1.30892119083320E-0001  0.00000000000000E+0000  2.67901948138910E-0002  1.61041831824003E-0002  2.57148296793147E-0002 
 2.28000000000000E+0000  4.04588798383457E-0001  3.86330444324046E-0001  1.01333817832941E-0001  1.05946488170673E-0001  1.29100521032686E-0001  0.00000000000000E+0000  2.67901948138910E-0002  1.59600763086882E-0002  2.54577002245770E-0002 
 2.31000000000000E+0000  4.01159551008871E-0001  3.83150586629740E-0001  1.00424939672376E-0001  1.05587587374614E-0001  1.27337145343972E-0001  0.00000000000000E+0000  2.67901948138910E-0002  1.58169279983994E-0002  2.52027558056173E-0002 
 2.34000000000000E+0000  3.97774012316102E-0001  3.80010460051276E-0001  9.95222282505045E-0002  1.05234938460590E-0001  1.25601894087399E-0001  0.00000000000000E+0000  2.67901948138910E-0002  1.56747509494545E-0002  2.49500057542627E-0002 
 2.37000000000000E+0000  3.94431947587679E-0001  3.76909850056930E-0001  9.86257587115678E-0002  1.04888354456679E-0001  1.23894624534314E-0001  0.00000000000000E+0000  2.67901948138910E-0002  1.55335569970719E-0002  2.46994580741543E-0002 
 2.40000000000000E+0000  3.91133082961953E-0001  3.73848508544686E-0001  9.77356009161685E-0002  1.04547656047215E-0001  1.22215154544403E-0001  0.00000000000000E+0000  2.67901948138910E-0002  1.53933571442965E-0002  2.44511194959783E-0002 
 2.43000000000000E+0000  3.87877110187325E-0001  3.70826157910093E-0001  9.68518196288975E-0002  1.04212671203349E-0001  1.20563267418921E-0001  0.00000000000000E+0000  2.67901948138910E-0002  1.52541615915513E-0002  2.42049955307141E-0002 
 2.46000000000000E+0000  3.84663690905011E-0001  3.67842494710832E-0001  9.59744746999543E-0002  1.03883234833198E-0001  1.18938716271753E-0001  0.00000000000000E+0000  2.67901948138910E-0002  1.51159797652428E-0002  2.39610905209708E-0002 
 2.49000000000000E+0000  3.81492460506294E-0001  3.64897192967377E-0001  9.51036212409478E-0002  1.03559188450529E-0001  1.17341227965000E-0001  0.00000000000000E+0000  2.67901948138910E-0002  1.49788203454492E-0002  2.37194076904755E-0002 
 2.52000000000000E+0000  3.78363031605653E-0001  3.61989907135149E-0001  9.42393097950564E-0002  1.03240379860999E-0001  1.15770506651204E-0001  0.00000000000000E+0000  2.67901948138910E-0002  1.48426912927213E-0002  2.34799491917800E-0002 
 2.55000000000000E+0000  3.75274997167062E-0001  3.59120274780117E-0001  9.33815865017259E-0002  1.02926662865005E-0001  1.14226236960172E-0001  0.00000000000000E+0000  2.67901948138910E-0002  1.47075998740218E-0002  2.32427161522465E-0002 
 2.58000000000000E+0000  3.72227933317092E-0001  3.56287918986605E-0001  9.25304932560770E-0002  1.02617896976230E-0001  1.12708086864688E-0001  0.00000000000000E+0000  2.67901948138910E-0002  1.45735526878321E-0002  2.30077087183729E-0002 
 2.61000000000000E+0000  3.69221401875091E-0001  3.53492450523228E-0001  9.16860678631857E-0002  1.02313947155033E-0001  1.11215710256015E-0001  0.00000000000000E+0000  2.67901948138910E-0002  1.44405556884517E-0002  2.27749260985139E-0002 
 2.64000000000000E+0000  3.66254952627805E-0001  3.50733469790364E-0001  9.08483441874001E-0002  1.02014683555849E-0001  1.09748749257093E-0001  0.00000000000000E+0000  2.67901948138910E-0002  1.43086142095155E-0002  2.25443666040562E-0002 
 2.67000000000000E+0000  3.63328125373071E-0001  3.48010568570223E-0001  9.00173522968476E-0002  1.01719981287828E-0001  1.08306836298651E-0001  0.00000000000000E+0000  2.67901948138910E-0002  1.41777329867535E-0002  2.23160276890990E-0002 
 2.70000000000000E+0000  3.60440451754834E-0001  3.45323331598566E-0001  8.91931186032833E-0002  1.01429720187981E-0001  1.06889595980967E-0001  0.00000000000000E+0000  2.67901948138910E-0002  1.40479161800171E-0002  2.20899059886931E-0002 
 2.73000000000000E+0000  3.57591456909578E-0001  3.42671337975234E-0001  8.83756659974262E-0002  1.01143784606117E-0001  1.05496646741859E-0001  0.00000000000000E+0000  2.67901948138910E-0002  1.39191673945946E-0002  2.18659973556890E-0002 
 2.76000000000000E+0000  3.54843387596425E-0001  3.40116889083125E-0001  8.76192054737767E-0002  1.00862063200929E-0001  1.04127602349467E-0001  0.00000000000000E+0000  2.67901948138910E-0002  1.38000248621198E-0002  2.16442968962415E-0002 
 2.79000000000000E+0000  3.52200105161396E-0001  3.37663901363739E-0001  8.69275070067008E-0002  1.00584448746592E-0001  1.02782073236638E-0001  0.00000000000000E+0000  2.67901948138910E-0002  1.36910823535553E-0002  2.14247990040178E-0002 
 2.82000000000000E+0000  3.49593185183005E-0001  3.35244005794307E-0001  8.62418897058941E-0002  1.00310837949295E-0001  1.01459667692090E-0001  0.00000000000000E+0000  2.67901948138910E-0002  1.35830976286783E-0002  2.12074973931554E-0002 
 2.85000000000000E+0000  3.47022104513540E-0001  3.32856734778925E-0001  8.55623329368617E-0002  1.00041131273140E-0001  1.00159992922080E-0001  0.00000000000000E+0000  2.67901948138910E-0002  1.34760674375557E-0002  2.09923851300110E-0002 
 2.88000000000000E+0000  3.44486341930817E-0001  3.30501622666710E-0001  8.48888152771195E-0002  9.97752327748963E-0002  9.88826559950184E-0002  0.00000000000000E+0000  2.67901948138910E-0002  1.33699884061463E-0002  2.07794546637454E-0002 
 2.91000000000000E+0000  3.41985378868933E-0001  3.28178206363931E-0001  8.42213145329560E-0002  9.95130499471042E-0002  9.76272646802586E-0002  0.00000000000000E+0000  2.67901948138910E-0002  1.32648570389405E-0002  2.05686978557827E-0002 
 2.94000000000000E+0000  3.39518700060760E-0001  3.25886025871393E-0001  8.35598077566919E-0002  9.92544935690760E-0002  9.63934281912381E-0002  0.00000000000000E+0000  2.67901948138910E-0002  1.31606697216789E-0002  2.03601060081838E-0002 
 2.97000000000000E+0000  3.37085794100868E-0001  3.23624624754497E-0001  8.29042712643403E-0002  9.89994775653458E-0002  9.51807578421845E-0002  0.00000000000000E+0000  2.67901948138910E-0002  1.30574227241336E-0002  2.01536698909727E-0002 
 3.00000000000000E+0000  3.34686153936747E-0001  3.21393550552618E-0001  8.22546806535790E-0002  9.87479188711616E-0002  9.39888676267258E-0002  0.00000000000000E+0000  2.67901948138910E-0002  1.29551122029386E-0002  1.99493797684512E-0002 
