 Mach Number             (Cl)alpha - Rocket      (Cl)alpha - Nose/Body   (Cl)alpha - Wing        (Cl)alpha - Body-Wing   *                      
 0.00000000000000E+0000  1.27837219245478E+0001  3.39727953531090E+0000  6.83195973656101E+0000  2.55448265267590E+0000  0.00000000000000E+0000 
 3.00000000000000E-0002  1.27122284714336E+0001  3.25960692570466E+0000  6.88012850101979E+0000  2.57249304470914E+0000  0.00000000000000E+0000 
 6.00000000000000E-0002  1.26490292738220E+0001  3.13346259844387E+0000  6.92594336607125E+0000  2.58962330930692E+0000  0.00000000000000E+0000 
 9.00000000000000E-0002  1.25709508337428E+0001  3.01830103224280E+0000  6.95293446813786E+0000  2.59971533336215E+0000  0.00000000000000E+0000 
 1.20000000000000E-0001  1.24940463865358E+0001  2.91357670581573E+0000  6.97318327879757E+0000  2.60728640192257E+0000  0.00000000000000E+0000 
 1.50000000000000E-0001  1.24197491557722E+0001  2.81874409787692E+0000  6.98813003542995E+0000  2.61287502246536E+0000  0.00000000000000E+0000 
 1.80000000000000E-0001  1.23523528471752E+0001  2.73325768714065E+0000  7.00129698882092E+0000  2.61779817121370E+0000  0.00000000000000E+0000 
 2.10000000000000E-0001  1.22933494713517E+0001  2.65657195232119E+0000  7.01416716472973E+0000  2.62261035430079E+0000  0.00000000000000E+0000 
 2.40000000000000E-0001  1.22426818812996E+0001  2.58814137213283E+0000  7.02709602833746E+0000  2.62744448082938E+0000  0.00000000000000E+0000 
 2.70000000000000E-0001  1.22001211633478E+0001  2.52742042528982E+0000  7.04031402376601E+0000  2.63238671429201E+0000  0.00000000000000E+0000 
 3.00000000000000E-0001  1.21653416925091E+0001  2.47386359050645E+0000  7.05398120341818E+0000  2.63749689858447E+0000  0.00000000000000E+0000 
 3.30000000000000E-0001  1.21379598000657E+0001  2.42692534649698E+0000  7.06821537233469E+0000  2.64281908123404E+0000  0.00000000000000E+0000 
 3.60000000000000E-0001  1.21175553571385E+0001  2.38606017197570E+0000  7.08310779788154E+0000  2.64838738728129E+0000  0.00000000000000E+0000 
 3.90000000000000E-0001  1.21036846113573E+0001  2.35072254565688E+0000  7.09873255297202E+0000  2.65422951272845E+0000  0.00000000000000E+0000 
 4.20000000000000E-0001  1.20958882315762E+0001  2.32036694625478E+0000  7.11515237144503E+0000  2.66036891387641E+0000  0.00000000000000E+0000 
 4.50000000000000E-0001  1.20936965813897E+0001  2.29444785248368E+0000  7.13242248641505E+0000  2.66682624249100E+0000  0.00000000000000E+0000 
 4.80000000000000E-0001  1.20966333183819E+0001  2.27241974305786E+0000  7.15059324999986E+0000  2.67362032532419E+0000  0.00000000000000E+0000 
 5.10000000000000E-0001  1.21045050458486E+0001  2.25402419705937E+0000  7.16971199033426E+0000  2.68076885845502E+0000  0.00000000000000E+0000 
 5.40000000000000E-0001  1.21205612938371E+0001  2.24244799798364E+0000  7.18982437774760E+0000  2.68828891810588E+0000  0.00000000000000E+0000 
 5.70000000000000E-0001  1.21454668454858E+0001  2.23829402601608E+0000  7.21097546855257E+0000  2.69619735091724E+0000  0.00000000000000E+0000 
 6.00000000000000E-0001  1.21787383784623E+0001  2.24101675987095E+0000  7.23321053450666E+0000  2.70451108408473E+0000  0.00000000000000E+0000 
 6.30000000000000E-0001  1.22237481896056E+0001  2.25007067826254E+0000  7.25938117524412E+0000  2.71429633609895E+0000  0.00000000000000E+0000 
 6.60000000000000E-0001  1.22838706303940E+0001  2.26491025990510E+0000  7.29234048587659E+0000  2.72661988461231E+0000  0.00000000000000E+0000 
 6.90000000000000E-0001  1.23586284618197E+0001  2.28498998351293E+0000  7.33213816593394E+0000  2.74150031237291E+0000  0.00000000000000E+0000 
 7.20000000000000E-0001  1.24475479232731E+0001  2.30976432780028E+0000  7.37882644671192E+0000  2.75895714876092E+0000  0.00000000000000E+0000 
 7.50000000000000E-0001  1.25501594040790E+0001  2.33868777148144E+0000  7.43246058005301E+0000  2.77901105254462E+0000  0.00000000000000E+0000 
 7.80000000000000E-0001  1.26659981196409E+0001  2.37121479327068E+0000  7.49309933048014E+0000  2.80168399589016E+0000  0.00000000000000E+0000 
 8.10000000000000E-0001  1.27946048115526E+0001  2.40679987188226E+0000  7.56080548477616E+0000  2.82699945489426E+0000  0.00000000000000E+0000 
 8.40000000000000E-0001  1.29355264895149E+0001  2.44489748603048E+0000  7.63564639199064E+0000  2.85498261149380E+0000  0.00000000000000E+0000 
 8.70000000000000E-0001  1.30883172325073E+0001  2.48496211442958E+0000  7.71769454657617E+0000  2.88566057150155E+0000  0.00000000000000E+0000 
 9.00000000000000E-0001  1.32525390672381E+0001  2.52644823579387E+0000  7.80702822777153E+0000  2.91906260367279E+0000  0.00000000000000E+0000 
 9.30000000000000E-0001  1.34277629433408E+0001  2.56881032883759E+0000  7.90373220940219E+0000  2.95522040510102E+0000  0.00000000000000E+0000 
 9.60000000000000E-0001  1.36135698271106E+0001  2.61150287227504E+0000  8.00789855596140E+0000  2.99416839887419E+0000  0.00000000000000E+0000 
 9.90000000000000E-0001  1.38095519388585E+0001  2.65398034482047E+0000  8.11962752322262E+0000  3.03594407081541E+0000  0.00000000000000E+0000 
 1.02000000000000E+0000  1.40538065067460E+0001  2.72679152946858E+0000  8.24441327727302E+0000  3.08260170000443E+0000  0.00000000000000E+0000 
 1.05000000000000E+0000  1.47500984054981E+0001  2.81895074752645E+0000  8.68413367174076E+0000  3.24701398623097E+0000  0.00000000000000E+0000 
 1.08000000000000E+0000  1.53567267837272E+0001  2.80335341755100E+0000  9.13702314884245E+0000  3.41635021733383E+0000  0.00000000000000E+0000 
 1.11000000000000E+0000  1.50810308459963E+0001  2.79561686527744E+0000  8.94198783550821E+0000  3.34342614521067E+0000  0.00000000000000E+0000 
 1.14000000000000E+0000  1.45253180084988E+0001  2.79281006752137E+0000  8.53955295709827E+0000  3.19295498387924E+0000  0.00000000000000E+0000 
 1.17000000000000E+0000  1.45426702824446E+0001  2.79354624153406E+0000  8.55164705207210E+0000  3.19747698883853E+0000  0.00000000000000E+0000 
 1.20000000000000E+0000  1.45884589137472E+0001  2.79704107088548E+0000  8.58243076543807E+0000  3.20898707742373E+0000  0.00000000000000E+0000 
 1.23000000000000E+0000  1.46481058459355E+0001  2.80280061426008E+0000  8.62165291749707E+0000  3.22365231417844E+0000  0.00000000000000E+0000 
 1.26000000000000E+0000  1.47033316326366E+0001  2.81049028137412E+0000  8.65625227277818E+0000  3.23658907848435E+0000  0.00000000000000E+0000 
 1.29000000000000E+0000  1.47380674270503E+0001  2.81987106695086E+0000  8.67470701764432E+0000  3.24348934245515E+0000  0.00000000000000E+0000 
 1.32000000000000E+0000  1.46360022836980E+0001  2.83076516273343E+0000  8.59248918242628E+0000  3.21274793853833E+0000  0.00000000000000E+0000 
 1.35000000000000E+0000  1.44831858299413E+0001  2.84303594805930E+0000  8.47232977339124E+0000  3.16782010849080E+0000  0.00000000000000E+0000 
 1.38000000000000E+0000  1.43400523631265E+0001  2.85657564206539E+0000  8.35829458496291E+0000  3.12518213609821E+0000  0.00000000000000E+0000 
 1.41000000000000E+0000  1.42065148208333E+0001  2.87129731785931E+0000  8.25038351849681E+0000  3.08483398447720E+0000  0.00000000000000E+0000 
 1.44000000000000E+0000  1.40825162768567E+0001  2.88712953571753E+0000  8.14860713771560E+0000  3.04677960342363E+0000  0.00000000000000E+0000 
 1.47000000000000E+0000  1.39680277061365E+0001  2.90401261910330E+0000  8.05298775241933E+0000  3.01102733461389E+0000  0.00000000000000E+0000 
 1.50000000000000E+0000  1.38630461970942E+0001  2.92189599962002E+0000  7.96356004981430E+0000  2.97759014765994E+0000  0.00000000000000E+0000 
 1.53000000000000E+0000  1.37675935837600E+0001  2.94073627950846E+0000  7.88037150911997E+0000  2.94648579513165E+0000  0.00000000000000E+0000 
 1.56000000000000E+0000  1.36965230749815E+0001  2.97530341684169E+0000  7.80348272474641E+0000  2.91773693339341E+0000  0.00000000000000E+0000 
 1.59000000000000E+0000  1.36204860931172E+0001  2.99614715442029E+0000  7.73296770456773E+0000  2.89137123412918E+0000  0.00000000000000E+0000 
 1.62000000000000E+0000  1.35537637120768E+0001  3.01742803468312E+0000  7.66891417789838E+0000  2.86742149949536E+0000  0.00000000000000E+0000 
 1.65000000000000E+0000  1.35443303873056E+0001  3.05830425158235E+0000  7.63229617623128E+0000  2.85372995949203E+0000  0.00000000000000E+0000 
 1.68000000000000E+0000  1.34454376082069E+0001  3.07973874595891E+0000  7.54471548766964E+0000  2.82098337457835E+0000  0.00000000000000E+0000 
 1.71000000000000E+0000  1.33478073673933E+0001  3.10075169839677E+0000  7.45836056365282E+0000  2.78869510534374E+0000  0.00000000000000E+0000 
 1.74000000000000E+0000  1.32519014792539E+0001  3.12135555103539E+0000  7.37355848157484E+0000  2.75698744664374E+0000  0.00000000000000E+0000 
 1.77000000000000E+0000  1.31580009106856E+0001  3.14156081984873E+0000  7.29050609022455E+0000  2.72593400061241E+0000  0.00000000000000E+0000 
 1.80000000000000E+0000  1.30662635950468E+0001  3.16137636491045E+0000  7.20931189319006E+0000  2.69557533694631E+0000  0.00000000000000E+0000 
 1.83000000000000E+0000  1.29767636882868E+0001  3.18080961455372E+0000  7.13002445843451E+0000  2.66592961529863E+0000  0.00000000000000E+0000 
 1.86000000000000E+0000  1.28895184639752E+0001  3.19986675262067E+0000  7.05265185766041E+0000  2.63699985369419E+0000  0.00000000000000E+0000 
 1.89000000000000E+0000  1.28045068744342E+0001  3.21855287591208E+0000  6.97717506150416E+0000  2.60877893701798E+0000  0.00000000000000E+0000 
 1.92000000000000E+0000  1.27216824322628E+0001  3.23687212738990E+0000  6.90355721845312E+0000  2.58125308641981E+0000  0.00000000000000E+0000 
 1.95000000000000E+0000  1.26409821841527E+0001  3.25482780950714E+0000  6.83175010398570E+0000  2.55440427065995E+0000  0.00000000000000E+0000 
 1.98000000000000E+0000  1.25623329736539E+0001  3.27242248114056E+0000  6.76169860839755E+0000  2.52821188411582E+0000  0.00000000000000E+0000 
 2.01000000000000E+0000  1.24856558096102E+0001  3.28965804090851E+0000  6.69334385574199E+0000  2.50265391295973E+0000  0.00000000000000E+0000 
 2.04000000000000E+0000  1.24108689030143E+0001  3.30653579911754E+0000  6.62662536185012E+0000  2.47770774204667E+0000  0.00000000000000E+0000 
 2.07000000000000E+0000  1.23378897633749E+0001  3.32305654015952E+0000  6.56148251476428E+0000  2.45335070845114E+0000  0.00000000000000E+0000 
 2.10000000000000E+0000  1.22475216098339E+0001  3.33922057684736E+0000  6.49785557585673E+0000  2.41044545712983E+0000  0.00000000000000E+0000 
 2.13000000000000E+0000  1.21598838998368E+0001  3.35502779791270E+0000  6.45031766172433E+0000  2.35453844019986E+0000  0.00000000000000E+0000 
 2.16000000000000E+0000  1.20478091197451E+0001  3.37047770967651E+0000  6.39211479463533E+0000  2.28521661543326E+0000  0.00000000000000E+0000 
 2.19000000000000E+0000  1.19266804607792E+0001  3.38556947273260E+0000  6.33438921195602E+0000  2.20672177609063E+0000  0.00000000000000E+0000 
 2.22000000000000E+0000  1.17968983358332E+0001  3.40030193434552E+0000  6.27720927630342E+0000  2.11938712518436E+0000  0.00000000000000E+0000 
 2.25000000000000E+0000  1.16587672096114E+0001  3.41467365715152E+0000  6.22062935158389E+0000  2.02346420087602E+0000  0.00000000000000E+0000 
 2.28000000000000E+0000  1.15124939619303E+0001  3.42868294465833E+0000  6.16469223633787E+0000  1.91911878093415E+0000  0.00000000000000E+0000 
 2.31000000000000E+0000  1.13581804845507E+0001  3.44232786396371E+0000  6.10943115309659E+0000  1.80642146749049E+0000  0.00000000000000E+0000 
 2.34000000000000E+0000  1.11958081541917E+0001  3.45560626604949E+0000  6.05487138134877E+0000  1.68533050679352E+0000  0.00000000000000E+0000 
 2.37000000000000E+0000  1.10849655070758E+0001  3.46851580395529E+0000  6.00061567375880E+0000  1.61583402936173E+0000  0.00000000000000E+0000 
 2.40000000000000E+0000  1.09656573662406E+0001  3.48105394909252E+0000  5.92736372649474E+0000  1.55723969065338E+0000  0.00000000000000E+0000 
 2.43000000000000E+0000  1.08516947578304E+0001  3.49321800592247E+0000  5.86023056226545E+0000  1.49824618964255E+0000  0.00000000000000E+0000 
 2.46000000000000E+0000  1.07375219029767E+0001  3.50500512519146E+0000  5.79426600963337E+0000  1.43825076815195E+0000  0.00000000000000E+0000 
 2.49000000000000E+0000  1.06221744396150E+0001  3.51641231588978E+0000  5.72947099332603E+0000  1.37629113039921E+0000  0.00000000000000E+0000 
 2.52000000000000E+0000  1.05038687066689E+0001  3.52743645607933E+0000  5.66584182379691E+0000  1.31059042679269E+0000  0.00000000000000E+0000 
 2.55000000000000E+0000  1.03783706838572E+0001  3.53807430271570E+0000  5.60337101807600E+0000  1.23692536306553E+0000  0.00000000000000E+0000 
 2.58000000000000E+0000  1.02251515550625E+0001  3.54832250057454E+0000  5.54204798930245E+0000  1.13478106518554E+0000  0.00000000000000E+0000 
 2.61000000000000E+0000  1.00986842532282E+0001  3.55817759037837E+0000  5.48185962656067E+0000  1.05864703628923E+0000  0.00000000000000E+0000 
 2.64000000000000E+0000  1.00239048097238E+0001  3.56763601620797E+0000  5.42279078286646E+0000  1.03347801064945E+0000  0.00000000000000E+0000 
 2.67000000000000E+0000  9.95073950107488E+0000  3.57669413227249E+0000  5.36482468607851E+0000  1.00922068272389E+0000  0.00000000000000E+0000 
 2.70000000000000E+0000  9.87912160183691E+0000  3.58534820910340E+0000  5.30794328500245E+0000  9.85830107731065E-0001  0.00000000000000E+0000 
 2.73000000000000E+0000  9.80898615659562E+0000  3.59359443923019E+0000  5.25212754090027E+0000  9.63264176465161E-0001  0.00000000000000E+0000 
 2.76000000000000E+0000  9.74027001074293E+0000  3.60142894238850E+0000  5.19735767292893E+0000  9.41483395425497E-0001  0.00000000000000E+0000 
 2.79000000000000E+0000  9.67291182221633E+0000  3.60884777030618E+0000  5.14361336464023E+0000  9.20450687269922E-0001  0.00000000000000E+0000 
 2.82000000000000E+0000  9.60685205803817E+0000  3.61584691110746E+0000  5.09087393752294E+0000  9.00131209407772E-0001  0.00000000000000E+0000 
 2.85000000000000E+0000  9.54203297880048E+0000  3.62242229337097E+0000  5.03911849661428E+0000  8.80492188815227E-0001  0.00000000000000E+0000 
 2.88000000000000E+0000  9.47839861367490E+0000  3.62856978987370E+0000  4.98832605241443E+0000  8.61502771386770E-0001  0.00000000000000E+0000 
 2.91000000000000E+0000  9.41589472806236E+0000  3.63428522104936E+0000  4.93847562267701E+0000  8.43133884335989E-0001  0.00000000000000E+0000 
 2.94000000000000E+0000  9.35446878561524E+0000  3.63956435818685E+0000  4.88954631709617E+0000  8.25358110332229E-0001  0.00000000000000E+0000 
 2.97000000000000E+0000  9.29406990605029E+0000  3.64440292639172E+0000  4.84151740744841E+0000  8.08149572210161E-0001  0.00000000000000E+0000 
 3.00000000000000E+0000  9.23464881991140E+0000  3.64879660733128E+0000  4.79436838535949E+0000  7.91483827220628E-0001  0.00000000000000E+0000 
